0.7379 13.7804 14.3927 3.6468 9.4687 8.7678
14.5644 43.1306 96.1157 29.6432 36.7596 76.8979
17.8877 47.4315 112.4107 34.6257 42.2072 90.6156
1.8879 22.0920 23.6737 6.2098 15.6428 15.1217
4.1043 29.8806 41.1598 11.0779 23.1201 28.4587
8.5967 39.7640 76.2426 18.0846 33.2773 58.1034
9.0028 37.4893 70.3869 31.4818 29.9959 52.3243
0.8063 13.9954 14.5370 3.7825 9.5773 8.7928
18.4364 47.4930 112.6761 36.5609 40.7616 91.6667
5.8549 28.8121 45.6990 16.3189 20.7500 32.5600
1.8729 22.4876 28.5560 6.1330 16.5169 18.7748
1.8980 18.6527 22.3779 6.0174 12.8936 13.4396
5.4248 30.9216 54.4745 11.9540 23.7165 39.6414
1.9769 19.0518 23.4061 6.1958 13.1871 14.0008
16.3060 43.8488 119.5525 58.6910 38.5235 95.5052
2.1313 20.4139 21.1318 6.4998 13.8967 14.1689
4.9757 32.8012 57.5428 11.7925 25.5529 40.7415
1.4364 17.8935 20.2972 5.4491 12.1883 12.1000
10.6597 41.7814 88.7862 31.5574 35.7779 67.5954
4.5390 28.5000 43.2632 16.3232 20.2454 29.6510
3.5125 28.1997 36.5609 9.3246 20.9556 25.0604
4.4957 28.7807 47.9774 10.4175 21.7549 34.2613
5.5868 28.5000 73.8404 22.2627 23.3762 60.0698
4.2874 32.7181 54.3547 10.9119 25.3499 38.8277
5.1670 27.3806 40.0000 13.6061 20.3611 27.4992
157.5682 53.1372 161.9266 424.9201 53.6855 139.7647
3.9889 31.7859 51.2074 10.3714 24.4658 36.1019
15.7630 46.2561 106.1473 30.7782 40.8608 84.8966
3.7631 25.1822 34.3450 13.3368 17.1873 22.4068
4.3097 27.1018 57.4316 13.8796 20.3558 43.0019
20.1717 49.7843 117.2974 40.4885 44.1658 94.9811
10.9341 40.1735 71.1949 34.4850 32.7642 54.0991
22.2398 39.8598 142.4166 107.0689 35.3461 120.6778
10.4793 33.2115 59.8727 23.6554 26.4197 42.5833
5.1497 27.8203 41.2888 14.0618 20.9013 28.6461
11.0522 43.3456 84.6959 23.2255 36.9429 65.0342
7.5673 36.3860 66.2734 15.8721 29.7494 50.3838
30.3729 50.0322 130.5045 83.9006 47.8329 105.2863
2.8669 23.5735 49.9561 11.5399 17.8289 38.5899
4.3117 25.1221 37.8351 16.4615 17.8842 26.5409
17.1414 39.1487 84.8296 35.7281 33.0428 63.3781
19.8456 48.6189 117.6968 58.9784 44.7389 94.8609
1.4171 21.5128 26.0079 5.3720 15.9168 17.4356
17.2721 47.9419 117.0135 47.7199 43.3052 93.5932
19.1339 49.3100 114.5092 38.5146 43.7257 92.9309
8.9437 34.6912 74.7102 28.0073 27.7152 57.9531
4.3973 30.5640 48.7029 10.5506 23.4069 33.7099
15.6921 46.5534 105.3814 49.3240 41.9356 83.6055
9.2014 40.4293 164.0338 47.2949 31.5296 141.8635
7.9044 39.9078 80.7418 17.3492 31.7770 61.1302
4.3056 26.7474 40.5573 15.5055 18.7347 27.7012
12.4549 41.2357 90.5041 35.2436 35.7883 70.9662
5.7326 33.5235 58.8824 12.8528 26.2927 41.5957
4.9971 29.3765 46.0096 18.1460 20.9447 32.6650
12.2989 39.9680 79.2771 25.9944 34.3550 61.2723
11.0330 42.2982 86.5296 23.4424 35.3971 67.0805
27.9487 49.5054 126.7135 77.1567 47.0198 102.4526
3.9099 24.3690 33.8101 14.6273 16.9230 22.3375
4.1925 27.4028 38.8385 14.9048 19.0370 25.7190
1.8228 18.5710 22.0057 5.9074 12.8628 13.1946
5.7959 31.7770 58.6337 20.8607 23.4439 43.1883
34.7860 49.0673 161.2348 147.4831 47.4315 137.7190
2.2136 21.4960 27.3631 7.6548 15.2064 16.8029
8.8207 37.4231 68.9576 30.7782 29.8888 51.3018
9.3362 37.4452 68.7398 31.5322 30.0455 50.9880
9.2214 41.7814 81.5530 27.5928 35.1429 62.0315
0.9784 15.7119 16.8737 4.3728 11.1110 10.1456
4.5163 32.9310 56.9352 11.0522 25.6415 41.2301
3.3550 24.3819 54.3718 14.0579 18.0698 42.0376
0.7348 16.9405 16.2116 4.0743 12.1589 10.2703
1.1752 16.7101 18.9560 5.3150 11.9164 11.7223
3.9790 30.3201 42.8412 9.8721 23.4993 30.3729
11.0330 42.7976 84.4295 36.4505 36.8996 64.9454
6.0082 26.4268 36.5709 15.0975 19.7231 24.3567
3.1345 23.3701 31.9557 9.3333 16.6972 21.2247
4.3056 30.6996 43.9702 10.7287 23.1869 30.7946
0.9429 18.9194 20.5028 4.5411 13.7587 13.4028
7.0608 24.4981 39.1549 21.6508 18.4801 29.0326
3.4060 24.7652 51.4123 12.1786 18.5135 38.3754
4.4362 28.3071 39.1221 15.2881 20.6855 26.4031
24.0251 48.7464 120.2018 65.1677 45.3947 96.2386
6.8177 34.4929 145.4030 26.1706 25.1555 120.4394
1.7020 18.6190 20.6410 6.0682 13.4012 13.0787
2.3920 21.1909 25.4732 7.4550 13.7515 16.3793
2.5077 23.8730 26.7979 7.5827 16.6541 17.8737
11.0554 40.0887 86.2883 39.3309 33.1364 66.3191
1.8029 16.6412 17.6466 5.8481 11.0202 11.2067
3.3005 25.5122 46.6393 11.7123 18.5998 33.0711
3.3118 27.8806 36.7222 8.7235 20.7500 25.4600
5.6069 29.9959 41.9055 13.8532 23.0536 29.7215
4.8525 27.1164 38.5361 12.8030 20.1565 26.3619
16.6052 47.0501 113.6404 45.7932 42.2852 90.4670
290.8440 49.1480 145.0750 930.5140 48.9065 122.7983
20.1612 45.4091 141.1579 78.8279 41.1352 114.7281
12.4758 43.7393 95.1821 24.3693 38.0128 74.8750
21.6285 47.8951 115.0028 60.6066 44.1658 91.1012
9.6121 40.7863 79.4277 21.0284 33.8106 60.7871
4.1463 24.9892 33.7919 10.1546 18.2573 21.8472
9.1786 41.3743 81.3960 28.3991 34.6217 61.3741
17.1504 44.8095 104.1095 34.2335 38.5121 83.9994
5.1952 28.3455 47.0144 19.4036 21.0155 34.7293
12.5526 44.0000 95.6268 24.5720 38.3181 75.4007
9.5828 37.9230 72.9861 31.7685 30.3452 54.8364
6.3482 32.6077 55.1319 13.7405 25.8128 41.1365
2.5695 20.2874 24.5275 8.0202 14.8351 16.0963
10.4206 39.2778 81.6789 38.0141 32.3065 62.5524
5.0656 29.8888 50.9880 17.8924 21.3179 36.5810
3.8040 29.8313 43.1261 9.8097 23.1444 30.2285
4.3280 25.2290 38.1093 16.5572 17.9907 26.8329
15.9479 43.9174 119.5525 56.1931 38.0579 93.8682
13.6919 44.0138 88.8222 40.9500 38.4320 68.0211
14.6509 46.4491 101.9549 45.7259 41.4376 80.0042
2.6387 22.0287 27.8247 8.1930 14.5782 18.0423
19.1836 48.1451 113.2638 58.0094 43.8900 90.2449
2.3850 20.4245 24.4578 7.5417 13.5147 15.5179
1.0063 18.0512 18.9167 4.3239 13.0310 12.0353
12.8849 44.7813 91.9325 40.0000 38.9272 71.4503
6.4641 32.1168 75.4286 24.1247 24.3305 56.8804
17.0071 47.2479 109.6094 52.4867 42.8639 87.5758
6.6531 37.2913 65.9773 14.7496 29.8149 49.0565
10.6566 40.6381 86.2883 21.2357 33.0522 64.7905
9.6973 38.2387 72.1469 32.8938 30.5555 53.8115
3.3890 29.0251 44.5236 8.8402 22.2133 30.5181
16.3318 47.1413 112.7294 45.7798 42.6390 90.2449
14.8529 46.3896 101.5060 29.7608 40.1977 79.3072
126.6486 52.9924 163.0244 374.9732 54.1676 139.9183
11.6159 42.9303 90.6900 23.7105 36.9213 70.4620
2.2239 19.9695 23.7166 7.0906 13.2430 14.9367
2.2584 24.5824 32.9380 6.7885 18.3329 21.8698
20.6783 49.1480 118.9673 59.7158 45.2797 96.1157
126.8433 46.0643 138.6218 409.0999 45.9029 117.5825
3.0975 22.0230 29.7058 9.8930 16.3977 20.4182
6.2075 31.6530 54.7499 16.0029 24.0941 39.6302
4.6178 32.7919 52.6171 11.3399 25.1755 36.4204
14.8290 45.1079 96.7326 44.9152 39.8119 75.1233
5.0936 27.5882 63.4208 19.7330 22.2714 51.3807
3.3928 25.2827 48.6004 10.8928 17.9351 33.8467
4.8019 27.3659 34.4663 12.4340 20.1200 23.8642
15.7923 46.5983 103.8767 48.0205 41.6536 81.5844
6.0589 35.9339 58.2731 19.7739 28.2074 41.7741
5.0613 22.2597 28.0073 13.8872 15.7691 17.6881
6.8007 34.2276 144.9931 28.0073 26.1316 119.7879
11.1390 44.0276 94.5015 33.8101 38.2273 72.6171
0.8629 15.4894 16.7720 4.3687 10.9690 10.1092
25.4006 46.8686 152.6926 102.8170 43.3861 129.8931
11.3008 41.7686 93.5149 22.5927 33.8395 71.7586
6.7206 37.9118 73.3046 15.2352 30.1200 54.5089
164.9518 53.1372 159.9637 477.2679 50.8549 138.0939
14.0123 42.5206 108.3019 51.6183 36.5881 84.9301
3.6661 27.9335 38.5684 9.1472 21.1304 27.3988
18.0846 48.2393 113.4787 55.3243 44.0552 90.7273
33.2316 50.7361 136.5309 89.4015 48.4919 111.0991
4.6427 33.0335 57.5243 11.0779 25.6415 40.9500
10.7853 42.0387 91.6667 22.7154 34.5325 69.1765
5.6921 30.0455 46.8333 15.3208 22.9932 33.1959
16.3966 47.4776 114.3455 45.2451 43.1440 92.4295
3.6333 25.3971 76.8692 15.6837 19.0912 60.7670
23.9693 49.4728 122.7983 48.1502 45.7714 101.9549
7.4677 35.2341 88.0355 26.3140 26.8697 65.8413
1.2036 20.1252 23.1357 4.8610 14.6928 14.9808
5.8527 30.5049 48.0637 16.0368 23.3885 34.3078
2.1467 21.2074 43.8555 8.9803 15.6104 32.4120
10.7570 33.7529 62.7205 24.3189 27.3216 44.4588
16.5965 46.4789 104.6246 35.1381 41.6664 84.6625
4.6552 32.9124 57.2286 11.0554 25.5257 40.8340
4.4116 30.3619 39.6525 15.3126 22.0230 27.5424
253.6669 50.5167 146.1460 873.0131 48.3180 123.8512
8.7540 39.0786 66.2505 29.5184 31.6972 50.3377
9.3390 40.6874 87.1899 19.7279 32.7088 66.2505
1.5367 18.3234 26.3345 6.0197 13.0794 16.5703
1.5921 18.6527 18.9856 5.7778 13.3483 12.2266
11.5102 38.1820 118.6186 38.1305 31.1370 94.3029
172.4128 54.2424 160.6460 534.2806 50.7023 139.0770
106.8251 54.7131 162.8238 280.3050 48.8904 138.5461
4.7179 29.7005 42.1701 16.5921 21.1359 29.2782
3.9178 27.0509 40.8456 9.4228 20.3611 27.8174
3.2986 23.8040 34.0026 9.9468 17.1341 23.0879
2.2016 20.1721 27.4848 8.1663 14.9865 18.4268
4.1623 29.4651 37.2014 14.7496 20.8959 25.8328
164.3388 57.5688 172.8571 435.1046 54.6563 148.5853
3.8040 28.8829 39.5746 9.6826 21.9885 27.8611
12.4410 42.9836 85.4693 38.4932 36.9970 65.5706
15.5509 47.2937 112.2520 46.0911 42.4158 88.9304
4.9587 32.7550 46.3367 17.2225 24.5435 32.9911
12.6686 45.3227 101.6852 36.5307 40.3072 80.0347
9.6268 41.7686 90.8019 20.9093 33.7721 69.2497
2.3554 19.0420 27.4131 6.8470 13.0518 17.2270
1.3914 17.7372 21.5171 5.6292 12.7336 13.2819
8.1317 38.9969 73.8134 17.3220 31.4944 55.5529
11.6458 39.5139 81.9951 22.8154 33.3339 64.5482
1.7913 18.3897 21.4395 5.8367 12.6796 12.8920
8.3867 39.3838 76.1577 17.7668 31.8392 57.3577
13.3771 41.1352 88.9304 25.6457 34.8509 70.9409
5.8322 35.8298 57.7288 19.2433 28.0852 41.3593
8.7984 37.3132 69.1765 30.3890 29.8806 51.1917
7.4830 34.6018 130.1642 31.3479 27.9259 104.6716
1.2368 16.8881 19.4791 5.1691 12.0032 11.9472
10.0519 38.9388 73.7865 33.5646 31.6265 55.2367
6.3434 32.4521 62.1352 23.5760 24.0941 46.6117
56.5352 51.0765 159.2865 181.8255 49.8172 136.1633
7.1652 32.8382 68.1401 18.0423 25.0224 51.0193
8.2896 37.8894 154.2274 33.4201 27.9335 131.0521
11.7056 41.6409 78.0587 35.7183 34.9412 59.2679
106.2919 51.6629 157.7575 306.5164 44.6122 135.0705
6.3859 35.9861 60.5666 14.5214 28.8199 44.2522
29.4329 49.7184 128.9517 81.4587 47.4008 104.3899
170.6554 53.9443 159.5761 533.3746 50.3488 138.9250
1.7283 20.8417 20.7801 5.9439 15.2262 13.7780
8.9522 36.4922 75.5959 17.8318 29.3443 57.3023
12.9099 40.8732 93.3976 45.7528 34.4436 73.1185
5.8686 32.1258 60.6066 21.2851 23.6232 44.1622
5.0635 28.5465 43.6148 14.4238 20.9447 30.9421
7.0114 37.5003 74.0023 15.3576 29.6923 54.8537
9.4170 41.5010 76.8119 20.2605 34.7909 57.7661
10.1546 38.3295 74.1647 34.8333 31.1803 56.0320
5.6853 34.2179 55.8717 12.8992 27.2115 40.8224
3.2014 24.0181 35.3495 10.6347 16.0992 24.1185
4.9523 29.7249 105.0492 17.4129 21.3901 80.8658
5.7665 29.9464 47.3653 16.0029 22.7299 33.5556
3.1068 23.4069 30.7537 9.0876 16.4913 20.1977
9.4489 39.1956 83.9994 19.5854 31.4769 63.4637
234.7771 51.6108 155.1429 739.1607 52.4190 132.2289
2.5766 20.1930 24.3315 7.9202 14.7196 15.9648
4.3178 31.8125 53.3591 10.3775 24.5305 37.7093
10.4268 38.6613 76.4127 35.9538 31.6618 57.8408
17.6512 44.5841 132.3685 73.4380 39.9800 106.0030
13.3881 44.8520 99.2660 26.7979 39.7759 77.7076
0.7136 14.5706 15.1581 4.0425 10.2961 9.3333
4.6490 28.5699 42.1943 16.7676 20.0939 29.1858
86.3572 52.8302 165.0543 288.5647 52.8841 140.5357
7.2629 35.9965 59.0169 16.9314 29.4813 43.9192
2.4778 21.4849 26.0891 7.7245 13.9405 16.8383
135.4331 55.2861 166.1898 397.9507 57.1616 144.3415
13.1329 35.9339 71.9394 29.0021 29.5379 52.1466
1.4461 16.2205 16.4789 4.9778 10.9900 10.0398
3.9750 31.0076 46.7500 10.1002 23.4993 31.7516
28.5560 50.8209 133.4948 78.7981 48.3654 108.6013
1.7316 18.4611 20.6997 5.7258 12.7370 12.5491
6.1376 23.5612 33.2853 17.8924 17.2763 22.9749
14.1996 44.9371 101.9549 27.6723 37.2366 80.4024
133.8501 54.0558 164.2370 385.8947 56.4993 142.0212
10.1668 42.2852 80.2489 21.6452 35.7469 61.4149
6.0589 35.5509 64.1546 13.6583 27.8957 45.9148
8.0785 37.4341 64.0242 18.4700 31.0248 48.4400
1.6888 22.9692 29.2397 5.8504 17.0899 19.7585
15.4314 45.8444 104.0163 31.6923 39.1956 82.8908
5.5067 30.1865 47.8198 13.9401 22.8851 33.3212
4.9714 22.5759 27.7230 13.9629 15.9540 17.4996
9.7623 36.9645 92.0468 31.9472 30.1034 72.4598
3.8431 29.9629 43.0763 9.8453 23.3701 30.2685
