0.97220 11.11100 11.63910 4.09430 6.94190 8.15300
1.75150 15.08430 25.51290 7.80770 13.08640 28.72890
1.45420 15.00990 25.61900 8.56100 12.76410 27.79560
2.60670 20.30840 30.96680 7.52640 13.62910 21.61170
4.17440 23.45000 93.55400 33.63710 27.36590 94.94100
1.38660 15.65090 23.03430 7.92800 12.85260 21.86420
2.06490 17.90730 24.70590 6.02890 12.00970 16.79850
9.66790 32.61680 60.58660 19.02500 24.06240 45.57830
0.88440 13.12450 13.91740 4.23480 8.11380 9.15860
4.53490 23.23560 40.11290 10.54440 17.11640 29.86310
8.62970 33.65710 67.78410 18.54700 26.68290 51.08190
1.44450 13.94410 23.29760 7.13280 10.94190 22.10810
1.35620 17.10760 22.93350 17.75750 10.50140 15.46020
2.99450 22.75370 36.74250 7.95700 16.08670 25.74570
0.84760 11.98390 13.87590 3.79620 8.10400 9.88110
6.54030 30.06200 52.66610 14.62330 21.49600 37.31470
1.78460 18.70570 24.69950 6.71100 12.37230 16.60960
2.57660 21.99430 32.81430 7.93070 15.79770 22.96900
1.69870 16.71010 18.89710 6.23080 10.04580 12.46880
104.24950 56.43970 157.28500 276.59890 58.25030 133.07050
0.70000 11.77910 15.16220 3.35500 7.02690 9.88700
5.70110 27.27750 45.99600 12.66860 19.08130 33.42910
1.18780 10.30760 10.62220 4.91820 5.88090 7.70380
0.50230 10.70960 13.02110 2.88140 6.26510 8.30030
1.02500 11.10490 12.82430 4.71990 6.46510 9.23280
1.78460 13.36240 13.30750 5.89140 7.46780 9.59460
1.71680 15.78950 18.26920 6.26590 9.17180 11.92700
1.83620 15.00600 17.00260 6.71820 9.48770 13.14740
4.33200 23.71030 118.27150 34.14090 29.81490 106.77640
0.96140 12.85940 15.92260 4.07630 7.89090 10.10620
97.85940 51.48940 141.54920 243.57630 49.73490 120.08330
0.65180 12.22420 14.17650 3.38900 7.76420 9.03950
7.81550 30.26150 63.39940 16.57470 22.41720 44.79730
6.42850 30.11170 58.12220 13.99700 22.90310 42.65680
1.88120 13.66500 13.87590 6.15850 7.94380 10.14250
1.38180 15.30150 19.25330 5.19520 10.72730 13.97810
5.72360 28.50780 50.39920 12.85280 21.13590 36.67170
4.65100 24.91650 37.90860 10.47930 17.42860 27.54240
7.66770 29.43280 54.33760 16.99820 21.15240 39.47470
2.41290 16.97560 23.94450 6.58340 10.61540 16.68410
5.93940 29.09660 128.41910 60.58660 36.97540 108.80170
0.87520 11.45520 13.11120 4.32590 7.91970 10.11830
1.02190 13.94780 17.41740 4.02460 8.35810 11.04580
5.00990 25.77840 47.07030 11.68900 18.06050 33.23160
3.11420 22.97520 33.95670 8.41380 15.66720 23.80870
2.41290 21.87420 31.98990 7.73490 15.13150 22.23400
1.15790 14.09480 16.65340 5.49330 9.76950 12.08980
6.65310 30.32840 55.64120 14.40830 23.15650 40.53440
1.54000 17.19620 25.28230 5.17130 10.77480 16.44850
10.06700 32.64440 62.38510 19.50940 25.92320 47.89140
1.17210 11.74100 12.80660 4.56590 7.62690 9.36500
1.12810 13.86020 20.95790 4.86730 9.32880 15.82580
1.46380 14.14290 13.77420 5.14320 7.78080 8.88490
1.02960 14.08000 15.46020 4.58450 8.48320 10.13040
5.65610 23.58590 79.88230 26.99430 24.98920 86.39160
1.16580 9.23010 8.31380 4.37890 4.94410 6.03350
3.49340 18.12590 34.09480 15.48490 15.28960 39.85380
1.90800 19.90760 27.52800 6.06350 13.56820 18.07520
2.47600 19.12570 47.39360 15.91420 19.62640 57.84080
9.18140 33.22090 65.72830 18.96100 25.84720 49.98650
2.21700 15.70380 17.63270 6.75450 9.74460 13.20180
2.17580 17.00630 21.67870 7.18270 10.28470 14.48230
6.26360 25.41740 127.36490 54.42310 34.74100 118.38700
1.47350 12.99660 14.18420 5.20170 7.54950 10.03380
2.07510 16.02850 20.38660 6.85180 9.87490 13.98560
1.54810 12.22420 12.43400 5.24510 6.74280 8.80680
2.41120 19.93850 26.23200 7.22770 12.48180 18.00000
0.78040 12.29970 15.81750 3.83140 7.67640 10.60040
0.76060 13.45430 14.95680 3.77670 7.88370 9.78300
1.43320 13.18710 14.85690 5.38300 7.88130 10.88970
10.59420 35.77790 70.28690 20.79620 27.55100 52.89570
0.86750 14.88540 18.53250 3.75720 9.33420 11.65240
0.92900 11.61150 12.99230 4.07630 7.51670 9.22420
4.52050 24.96270 35.51390 10.63160 16.95800 25.29540
5.33910 27.60310 45.07320 12.10000 19.54040 32.63870
9.10460 34.00370 68.40300 19.97440 26.97100 51.36490
1.14220 11.14450 10.94690 5.18000 6.29890 8.17170
101.64030 53.87020 150.04840 262.16670 55.71200 128.41910
3.18460 21.73790 29.57290 8.11040 14.43810 20.81770
1.86450 17.21840 35.99320 45.83370 15.58610 39.56350
1.68220 14.75420 25.72570 7.49060 11.87150 27.17090
9.59160 39.51390 141.15790 118.61860 42.61260 119.67010
1.21940 14.01380 17.55000 6.27530 10.38540 13.19460
0.94290 13.27100 17.16390 4.55140 9.64840 13.82310
1.04210 12.87310 14.28820 4.88430 7.50510 9.75050
3.26110 22.51110 122.79830 33.78280 34.32560 118.21380
4.87580 22.23650 35.07110 11.65240 14.55540 24.78280
3.06620 23.93600 37.50100 8.19300 17.21390 26.01460
1.96510 19.69250 27.10710 6.49500 12.79470 17.60510
8.51450 31.64410 59.87270 17.27670 23.51170 44.45880
1.61170 14.71960 15.28810 6.31290 8.39800 9.92580
5.71230 28.46900 47.64870 12.63340 20.22970 34.46630
3.78250 20.69090 94.54140 23.85180 24.87690 97.73310
1.01880 13.60400 15.75050 4.06040 8.47060 10.10320
2.14840 20.35050 28.79700 6.99910 13.90030 19.50940
4.62610 25.52570 40.71840 11.64910 17.65950 28.71390
6.36470 25.60060 42.04960 13.61360 18.39920 31.61640
0.87520 12.99310 16.93580 18.80900 8.57140 12.74630
1.71840 15.07650 16.84710 5.50670 8.62720 11.36270
1.51720 15.10790 20.75860 6.26830 10.78070 17.41740
0.56930 10.23320 10.24890 3.38520 5.91980 7.35860
3.79620 20.70700 75.48430 27.64330 28.06240 98.23980
6.55470 27.25550 51.01930 13.85320 20.30310 37.06810
1.85120 14.87770 23.24350 7.48300 10.62710 21.74040
1.71350 15.61850 28.60850 8.75950 13.01030 29.45620
1.64940 12.93810 14.00840 5.38960 7.54480 9.77710
3.98100 19.20000 43.40080 19.65140 17.90270 52.60070
9.84240 34.07170 68.40300 20.21860 26.55450 52.09820
3.53350 23.51790 36.10190 9.04520 15.94160 25.53940
5.36320 25.02900 44.99410 11.76570 18.27620 32.30800
0.84300 11.72200 13.01390 4.38090 7.78800 9.45760
2.90690 22.32960 34.76710 7.81030 15.65500 24.11220
0.91200 12.04200 12.49670 3.90990 7.84530 8.15030
0.86140 11.35910 12.85640 4.25300 7.82860 9.85430
2.60490 16.18700 29.30910 10.31310 13.63980 35.20520
0.48300 8.67810 9.21280 2.90320 5.39030 6.42140
8.03350 31.89270 59.59850 18.25020 23.33330 42.60780
0.79870 12.00320 13.91740 3.70290 7.91010 9.63270
4.19650 25.23570 38.21540 12.00480 16.98870 26.47190
5.96920 27.50640 51.09750 13.10040 20.50400 37.52170
0.83840 10.60660 11.49050 3.77480 6.69900 7.95700
0.65330 10.28180 11.72560 3.53920 5.93410 8.04410
2.30510 19.45970 24.56560 7.48040 12.27340 16.65770
95.42420 48.17650 135.21530 245.87120 49.09960 113.85660
4.52870 22.53470 117.01350 23.19550 22.51700 104.62460
2.54650 20.71240 30.36490 7.19770 13.86020 21.33460
2.69400 18.86580 24.36300 7.76090 11.65250 16.62270
1.23200 12.61560 16.28450 5.27350 8.94870 13.45800
8.49270 30.07030 59.73540 17.02940 22.70020 43.89370
0.94750 8.06020 7.82070 4.16840 4.49270 5.79360
1.78300 11.50510 12.25410 6.81280 6.80220 9.64730
3.38710 21.34010 99.30910 16.75440 20.57320 90.57840
0.69850 10.30760 11.26180 3.74560 6.67500 8.19030
1.99720 19.74860 28.29500 6.12600 13.67220 19.43380
4.88210 27.64790 50.44530 11.39210 20.59450 36.33050
3.17530 18.84630 62.74160 16.86480 21.40120 78.47140
8.39490 29.79030 123.78880 68.54700 35.04180 108.65130
1.36580 9.63470 9.78300 4.73670 5.36880 7.16270
6.15160 30.00410 58.21640 13.60240 22.72400 42.41250
0.69100 12.27340 14.56440 3.63720 7.82620 9.86920
2.17930 18.74920 25.00850 6.62420 11.69980 17.39920
1.02810 16.00780 20.88770 4.15430 10.19320 13.78170
5.73260 26.41260 43.43850 12.67910 18.33760 31.69230
1.08110 13.35540 16.88260 4.34220 8.40050 10.82950
4.33610 27.91080 128.95170 47.62030 37.48930 115.50000
2.32760 18.96830 23.96930 6.63140 11.95170 16.46150
8.27080 30.60630 54.20110 17.28570 23.08380 40.18090
1.11550 11.86510 12.40970 4.93310 7.35670 9.30160
0.07830 9.37170 9.41410 2.77480 5.62600 5.99670
1.43480 14.23570 16.87810 5.18210 9.92510 11.99120
5.58010 27.06540 45.51140 12.48970 18.87550 32.97340
0.78950 11.19630 12.84570 3.78640 6.38600 8.80680
0.75460 11.20850 12.23010 4.44440 7.28090 8.95220
1.12650 12.48180 11.95400 4.62610 7.17600 7.77910
1.08110 11.77910 27.29170 6.46410 10.20180 31.56580
1.73990 16.48280 22.43000 6.65310 11.20850 17.02940
5.90740 27.67030 50.64590 12.71440 20.65870 36.66160
7.16270 28.45350 57.97190 15.49310 20.93390 40.92670
2.04290 16.81840 24.56560 6.07510 10.47810 16.85150
5.40280 28.48450 50.84770 12.77460 21.24600 36.67170
1.46060 11.16580 11.62590 5.25820 6.36470 8.57200
2.36930 15.04120 18.34550 6.71100 8.70110 12.53510
1.72670 14.56680 14.98880 5.40940 8.70370 10.60040
5.05280 27.45450 123.16820 27.97800 28.66330 105.42900
0.82770 12.38880 13.28920 4.03050 7.40520 8.68750
3.34370 22.82530 35.82600 8.92690 16.16610 25.89330
0.84450 11.91960 13.53560 4.15830 6.62920 9.27290
10.83270 35.54060 73.54500 21.76280 28.86710 55.62350
1.00940 13.91490 15.56330 5.22770 9.37710 10.15160
2.12960 18.71540 22.95720 6.25420 11.33750 15.50550
4.34220 23.84790 114.67330 37.57370 35.92350 118.04110
2.95430 22.92710 35.81620 7.78690 16.56390 25.23650
0.79560 12.06470 13.89850 4.40950 7.90290 9.67080
1.13900 13.91490 19.20350 4.91400 10.37380 15.56330
3.27800 22.37630 30.27660 8.66000 14.30290 21.05560
9.27870 34.23740 67.24370 19.26330 26.19450 51.01930
3.45540 22.91510 37.39730 9.23000 15.10390 26.43060
3.02570 21.36230 31.43990 8.23320 13.76950 21.46720
4.13230 25.18220 40.77610 10.09110 17.91660 29.04790
0.81240 12.02580 13.59870 4.39110 8.00670 9.45470
6.81530 28.04720 50.84770 16.00710 20.13040 36.17130
4.58870 26.89140 47.16840 10.72870 20.02130 34.15020
1.85280 17.56410 22.62180 6.19350 10.30480 15.00890
1.10920 14.03580 16.80730 4.50810 9.30480 11.72560
2.14330 13.84570 15.51380 7.87820 8.49820 11.86300
7.13780 28.32240 57.84080 15.42320 20.79310 40.79930
1.68060 16.11170 16.88260 5.47340 9.69780 11.38550
1.08890 10.83120 10.59100 4.27730 5.99590 7.66510
8.25200 30.85310 61.88680 16.84270 23.81030 46.33670
5.77550 28.13860 49.19000 13.13650 20.61590 36.22090
1.10610 14.22080 31.72620 36.26070 13.49340 40.83400
1.21150 11.79810 12.38890 4.58660 6.60970 8.58840
1.20990 12.00000 13.35140 4.72200 7.88610 10.25200
0.72120 11.37460 12.04210 3.88630 6.90400 8.99720
1.41550 12.11330 11.54650 5.98060 6.90630 8.23050
2.36580 16.74470 22.30300 7.40160 10.48390 15.34120
1.63460 12.07760 13.18730 5.79360 7.18730 9.99770
1.55140 11.97420 12.17180 5.18430 6.51890 8.61320
1.33380 15.12360 23.36990 6.14000 12.26360 21.60610
2.29640 16.57250 22.19390 8.11040 11.59270 18.79440
3.64100 23.06560 34.71050 9.39100 15.11180 23.79640
3.02570 21.77760 28.62350 8.20100 13.78760 19.85590
86.98050 44.50000 126.84330 218.47950 45.09360 106.58220
1.16580 14.63160 18.30260 4.47720 8.49320 11.68570
0.82160 12.46520 14.31140 4.55350 8.27610 10.01280
5.49780 23.69160 38.82770 12.78880 15.83050 27.57840
4.45260 22.92710 93.35860 23.73500 25.45790 94.34250
1.48480 14.81970 16.53540 5.14540 9.47140 11.06510
1.87450 16.80540 35.55270 29.20890 15.64690 39.49680
7.35860 30.87020 57.95310 15.93530 23.63560 43.25070
8.83460 37.94550 143.37340 124.03850 49.09960 122.67540
2.77120 19.92820 27.48480 7.57250 12.48510 19.11900
1.16420 11.17800 11.42480 4.82720 6.61190 8.31920
8.40570 27.94110 54.50890 16.76320 20.98830 40.74150
0.73640 12.41530 14.65880 3.70090 7.96560 9.94980
6.45700 30.16990 50.44530 14.36170 21.51280 36.64140
3.21070 18.97810 35.15720 12.07270 15.60640 37.73030
1.02500 12.05170 14.08850 4.18850 7.76650 9.87510
1.14060 14.15030 19.68190 5.24290 10.86700 16.40960
0.93520 12.28990 14.29590 4.39110 7.00900 9.98570
2.64590 18.45150 46.50140 13.60990 18.56620 55.83610
4.02060 23.73520 41.04310 9.86320 16.20790 28.63100
0.50680 10.57440 12.17180 3.02940 6.10580 7.77130
2.42690 19.01250 25.07990 6.97930 11.76320 17.45390
10.64410 36.42840 69.00610 21.62850 28.07000 51.76160
3.20330 17.31650 25.53280 8.79010 11.42730 18.50360
1.38500 16.05760 20.81230 5.24080 10.05990 13.94010
1.14060 11.47080 12.52810 4.40550 7.31300 9.37360
1.87450 14.94370 32.09260 8.05200 11.29750 32.10980
1.00940 12.62900 14.77340 3.94730 7.69770 9.60330
3.58330 22.72990 37.13980 9.23570 16.14510 26.51330
1.61010 14.01740 15.28000 5.39180 8.51590 11.05220
6.79580 28.25330 48.87920 14.45500 20.08870 35.95380
2.13480 14.67740 24.08730 8.65170 11.02020 25.41380
0.54840 10.85510 12.45140 3.14560 6.31580 7.86250
6.55470 30.07860 52.68240 14.68240 21.80600 38.61140
3.96310 25.02900 42.42470 9.93780 17.25840 29.58070
109.30540 52.79420 145.65000 280.03720 54.84600 124.03850
3.03490 19.83050 31.16500 7.90180 14.10220 22.78590
7.68060 31.47690 59.93180 16.27160 24.10690 44.32950
1.76640 17.59580 24.31890 6.10290 10.62130 16.49630
3.06620 17.19620 27.83920 11.74230 13.01720 28.12490
0.59180 11.49570 13.52450 3.39470 7.37520 9.05930
98.70800 52.10050 144.42260 248.42030 50.14850 121.15700
97.94370 51.16210 141.23600 249.49680 49.85020 118.96730
1.81450 16.66270 20.38660 5.84360 9.98960 14.04650
3.19210 22.74180 35.31090 8.27610 15.74860 24.75080
94.42200 49.89970 137.27140 237.11850 46.88370 116.16860
0.54250 10.19040 10.53820 3.27610 6.00210 7.49060
6.27060 31.41550 128.81820 96.15660 38.11420 111.72550
