4.29550 40.12500 70.68820 15.51380 33.00550 51.80950
2.50240 21.03190 21.53380 7.45500 13.71900 13.89100
4.63440 34.51270 54.45740 16.40090 26.11070 37.23220
130.70940 54.03720 165.67200 485.44050 55.30530 145.23880
6.65060 34.74100 86.46060 21.40080 29.08860 73.75960
5.48890 31.83030 80.80370 19.81480 26.08280 69.83950
10.04890 49.13190 121.45810 30.15660 44.08280 97.98590
4.68020 37.93420 67.73680 16.21580 30.56400 51.61830
2.50590 23.24780 26.40310 8.19300 16.64120 17.41740
9.70620 46.33020 108.90210 27.41310 41.66640 88.24890
4.88210 37.62200 64.87900 15.18650 29.50550 48.44000
16.04110 53.52010 147.73620 42.98950 50.82090 123.23000
5.44910 24.83740 42.17010 15.85940 17.52780 28.35440
123.10640 56.43970 175.33800 432.66670 59.13570 152.42460
13.70680 49.76780 131.39630 34.70100 45.61150 106.87380
2.12280 23.96120 27.49200 7.74530 16.49980 18.92160
2.27560 25.66880 28.82720 8.11300 16.99750 19.67180
8.47640 49.86670 120.91700 28.15440 44.72480 95.91150
5.19950 41.69190 74.98520 17.24950 35.27480 57.19180
6.81530 48.82630 108.55130 23.79030 43.34560 84.93010
2.43570 23.95490 26.81190 8.05990 16.46570 17.51330
3.07540 34.86090 48.19350 10.73810 26.32790 36.21100
7.33840 44.20740 97.14740 23.89500 38.56930 76.61190
8.50640 45.51010 105.95500 27.09300 40.74920 83.80200
8.87650 46.71820 111.25520 28.12490 42.00000 88.78620
2.57480 24.03070 28.42140 9.73570 16.41050 18.19330
2.87420 17.46460 15.53030 8.72350 11.08370 9.21000
2.22910 19.94890 20.90930 7.18520 13.03100 13.71430
4.75980 41.14780 70.16220 15.53440 33.47600 54.33760
1.78130 16.68420 14.58410 5.55330 10.33640 9.15010
2.59430 30.83600 39.84260 10.31610 22.64690 27.50640
8.74560 51.12780 121.03690 26.83990 46.28570 96.69130
7.01140 45.27970 96.23860 22.22830 39.83580 75.31740
2.02250 19.55550 19.35340 6.87380 12.86970 12.28510
3.42500 19.94370 19.04480 10.10020 12.94840 11.54320
3.72810 29.59470 39.06730 11.40190 22.75370 27.21350
2.50060 21.21290 22.03980 7.90440 14.62010 14.85290
4.71990 42.73140 76.64040 16.19440 35.36650 57.76610
4.88430 43.31870 77.73680 16.75880 36.43900 58.51950
2.81080 28.99340 38.16230 10.13650 20.78230 27.96340
18.75530 52.95630 147.14680 50.81660 51.99500 121.27730
2.91230 32.92170 47.83410 10.91190 25.11540 34.33570
3.14380 21.29020 20.48160 9.21850 14.31790 12.42360
2.46370 17.21390 14.12290 7.55450 10.74510 8.69580
5.32370 31.60000 82.85850 17.47220 26.11070 65.07870
7.11050 45.09360 96.44390 23.26750 39.24250 74.71020
10.58170 52.72240 133.21170 31.21470 48.60300 106.67920
3.73000 37.04040 54.26930 12.18550 28.89080 41.18320
2.50950 31.11970 39.12210 9.27290 22.73590 26.86090
3.27990 27.38060 35.29170 10.34990 19.27950 23.82100
2.88140 25.85410 30.74560 9.48080 18.15860 20.05200
2.70120 23.04750 30.22850 8.26270 15.24990 19.39860
21.61730 52.61500 148.15970 59.57890 52.15340 122.12510
2.12450 22.45820 23.98790 7.37120 15.04900 15.52200
3.54500 21.69270 23.29150 10.29170 14.77730 13.94010
3.09940 30.49640 42.35180 11.09720 22.45240 31.42320
2.78740 24.54350 28.51850 8.55830 17.38360 18.83340
2.02090 22.38800 23.74720 7.80770 14.49850 15.33710
1.89460 20.93390 21.66760 7.07080 13.61110 14.14200
2.93240 25.24910 31.22300 9.41410 17.72800 19.98470
9.49820 46.64320 113.53260 28.77430 41.48830 91.10120
6.92770 47.20220 104.01630 24.44510 41.32380 80.80370
2.57480 30.83600 39.11110 9.26150 22.64090 26.83290
13.33680 51.88980 138.54610 36.43040 47.98860 114.61860
13.27100 48.14510 120.97690 38.68700 42.65220 94.62110
3.80010 31.00760 44.61460 12.79590 23.46230 31.04090
3.21070 31.67060 40.37420 10.49790 22.74180 28.66860
14.86490 54.96030 149.78840 40.38570 52.13570 124.16370
2.23770 19.45970 18.62910 6.93020 12.74720 12.06590
2.71730 31.78590 40.79930 9.67380 23.55500 28.35440
8.20640 49.93280 119.08400 28.05870 44.79540 94.38230
20.38660 51.07650 140.84620 53.24270 47.03500 114.56390
11.79920 50.16520 129.75790 35.12850 46.33020 104.95460
18.29300 50.09860 139.61140 48.22240 46.77830 115.83350
9.96180 46.89880 113.74840 30.34080 42.71820 92.08500
3.23680 25.73040 36.11180 10.57860 19.17030 23.85180
6.15620 42.44190 85.63890 20.02090 35.80910 65.66070
2.45320 31.11110 41.13650 9.92880 22.65280 28.54100
5.68530 25.16210 44.92840 16.39660 17.91200 30.87640
5.27130 31.15430 71.68130 16.72360 24.78480 59.42310
2.47080 26.66140 29.51060 8.00440 18.29500 20.95790
2.51650 17.21840 14.11520 7.72450 10.79550 8.63790
2.46200 24.38830 27.14960 8.08650 16.80540 18.01880
2.74960 24.09410 26.35510 8.84860 16.47000 17.04280
2.82710 21.16890 19.97440 8.24930 14.22450 12.59120
3.47250 25.76470 37.46980 10.40210 18.48970 24.34410
9.74160 49.83370 124.66670 30.90920 45.72770 99.48200
108.75150 58.81720 181.82550 417.43300 60.79130 159.19020
6.94000 33.47600 71.14390 20.48160 26.93480 50.89440
2.23250 22.71800 24.99560 7.77390 15.29750 15.97330
13.66950 51.62820 136.53090 40.38570 50.53350 112.51680
3.60440 36.24850 54.78450 12.99230 28.73370 39.65250
3.37390 33.20210 48.95300 12.48970 25.45790 35.65000
7.03610 33.14570 81.49010 20.31820 27.03630 70.68820
1.69040 16.49550 14.44330 5.33250 10.20180 9.32460
3.68540 29.79030 39.40820 11.40520 22.80740 27.59280
2.66900 24.25990 28.25050 8.64890 17.34330 18.94130
2.01240 19.73840 19.36340 6.67470 12.86620 12.50720
3.73000 28.18440 43.43850 12.31620 20.70160 29.10150
3.48010 29.16020 34.69160 10.48860 21.33460 23.87650
2.54830 23.66670 25.47980 7.91750 16.13680 16.34910
12.50720 48.27080 122.55280 35.70860 43.94490 99.39550
10.70670 46.65820 116.05670 31.30620 42.05170 95.42420
4.67810 31.94630 51.20740 14.65880 25.39710 35.40740
3.73390 26.34200 48.74690 11.20670 18.74440 33.77360
123.72650 56.26140 172.19130 447.05090 57.08070 151.53690
9.69440 47.66250 116.95680 30.13270 43.10380 93.82880
61.61940 56.47940 179.06130 295.20930 60.92500 156.06790
4.35040 40.31940 65.27920 14.29200 32.10780 50.49150
8.06790 34.71110 105.28630 25.02800 31.12840 107.95430
119.78790 54.69410 170.11270 470.77460 56.49930 148.41480
7.87040 45.36590 95.62680 24.23100 40.34380 74.54590
4.49370 41.51370 71.34790 14.98480 33.99400 54.26930
6.30110 45.59700 89.21980 19.65650 38.76500 69.98810
14.02370 53.28260 142.81390 43.45110 50.36560 118.67660
2.44970 21.77190 24.83420 8.06520 14.08370 15.81750
8.85970 38.34090 160.35290 36.79310 40.33160 151.80220
3.71450 36.10120 58.31090 13.17640 28.04720 42.73040
20.51340 53.52010 154.04540 56.33680 54.03720 129.35380
3.63330 31.05930 38.48240 10.83900 23.22950 26.65870
3.31360 27.35850 35.23400 10.31610 19.28950 23.83330
14.82900 51.99500 142.65480 41.57200 48.36540 117.41130
2.63160 21.29020 21.67320 8.48730 14.05050 13.98940
2.83430 24.46580 28.11020 8.46550 17.32990 18.78950
3.94540 37.41210 63.35670 14.28050 30.06200 46.97250
2.23250 20.98830 20.93630 6.92530 13.36240 13.77050
4.55350 39.64460 71.29690 15.52200 32.00900 53.67690
18.63880 55.40170 152.60320 45.27170 52.25940 129.15250
3.68930 27.19680 35.08070 11.12930 20.17210 23.58820
24.00030 53.79620 154.40970 63.63540 53.17350 130.23210
2.28950 24.81110 28.34700 8.35970 16.69290 18.88240
2.35710 23.60450 26.06200 7.93070 16.22470 16.83830
4.42390 28.75720 38.63300 12.81370 21.03740 26.26610
2.63870 24.43990 28.42890 8.62420 16.97120 18.27880
2.53770 23.79780 27.62170 8.40300 16.85320 18.28830
2.35190 21.34010 23.50910 7.89390 14.00640 14.74960
5.36320 30.70810 48.46910 16.03260 23.28440 32.84960
2.26700 23.07170 25.90670 7.69610 15.72420 16.75000
2.94150 31.75040 43.72860 10.39900 23.30270 31.05740
1.98710 19.66200 19.46910 6.72550 12.82190 12.53160
9.03390 49.70200 119.61130 27.94140 44.72480 95.78930
18.85790 53.88870 149.96170 47.29490 51.26510 126.77840
7.94120 49.44020 111.77800 24.29380 43.79400 88.21330
131.81150 54.13030 166.29380 487.71600 55.47910 145.56760
18.27880 53.68550 151.62530 48.55660 50.71920 127.49580
121.51850 55.88770 173.97700 426.68420 58.94430 150.48360
4.21870 29.04890 56.28280 13.87210 22.21910 42.38820
116.33670 56.83910 172.96860 417.43300 57.60980 152.33540
3.13270 31.75920 43.28810 11.34640 22.56410 30.74560
2.69230 23.60450 25.44680 8.26270 15.62660 16.74120
3.84900 28.11570 49.94090 12.68970 21.05380 35.98330
3.39470 34.92110 49.27930 11.33010 26.86250 36.41040
3.30420 32.33380 44.34240 10.84850 24.18960 31.75160
5.22770 44.09660 88.49900 19.24830 37.28040 67.03390
4.48750 36.48150 60.74690 15.59230 29.13630 44.88900
2.37630 23.30270 24.73150 7.66770 15.74460 15.91840
3.45160 28.26870 35.97350 10.51640 19.80490 24.30010
13.57270 51.94230 139.53480 37.10900 48.08240 115.11300
2.67260 23.82910 25.94710 8.58840 16.37230 16.85600
9.99470 49.01900 120.49900 29.76860 44.01380 97.10580
7.11790 49.35880 108.60130 23.11180 43.52150 84.23050
3.94140 36.69520 59.55940 14.28820 28.46900 44.69270
8.22250 50.51670 116.73070 25.71230 45.23660 92.16140
5.83670 46.41930 94.26320 19.87130 40.25850 72.17290
2.44790 26.61860 30.95850 8.55010 18.93900 21.77410
10.02780 49.06730 121.03690 29.95000 44.04140 97.60720
13.27830 52.22400 142.17910 39.26480 49.00290 115.88920
2.77480 24.34970 32.71760 10.07000 16.71010 20.86070
11.86630 45.20800 111.83050 33.33920 40.63810 88.46320
2.42520 23.51790 24.71230 7.53660 15.95810 16.07500
347.04760 46.82340 141.39240 1325.82610 48.11370 120.55850
3.48960 29.67600 35.40740 10.39290 21.82870 24.20600
3.51060 26.82650 33.24950 10.39600 19.53530 22.48790
6.47120 33.83950 82.53710 23.92590 28.15380 72.19890
1.99890 24.27270 26.07560 7.18770 16.69720 17.57750
3.93550 39.77590 64.65820 14.06560 31.98210 47.99180
2.99820 25.00910 29.98960 9.61510 16.94050 20.09880
2.96160 23.45620 31.68390 9.59460 16.28360 20.49750
2.01580 22.08040 23.28550 6.97440 14.80040 15.13790
2.85240 21.26260 20.01060 8.18230 14.25060 12.66860
5.28440 44.54200 84.13130 18.25020 38.19340 63.69990
4.53700 37.47820 58.10340 14.66670 30.21150 42.52220
13.96290 51.88980 140.69080 39.22080 48.42860 114.89280
17.07860 50.55040 140.76850 45.57830 47.41620 117.63960
10.82320 50.13190 123.91360 33.14230 47.77090 100.92720
17.75290 53.17350 147.82070 48.64430 53.53850 122.79830
2.76040 17.38360 14.78140 8.36240 10.90890 8.85970
116.05670 56.20210 176.37110 408.55560 59.97650 153.23120
2.68870 23.53640 25.42700 8.31110 15.64280 16.51370
3.72030 27.61810 41.53640 11.76240 19.92310 27.44180
3.13820 35.17320 49.27930 10.81690 26.81930 37.20140
4.25300 27.70020 40.43130 13.24910 20.06280 26.02140
112.35780 57.06050 179.65580 433.88240 58.10470 157.28500
2.84340 22.28300 28.59350 9.01970 15.10790 18.25970
5.08930 44.96550 87.47030 18.74070 38.23870 66.06820
8.32730 51.07650 123.72650 28.16180 46.40440 98.49470
116.67430 56.32070 175.79580 406.39200 60.23890 152.60320
13.01750 51.61080 134.42200 35.75750 48.01990 109.66020
2.49710 20.96650 22.03980 7.93070 14.57440 14.92870
1.92140 23.25390 24.58470 7.74530 14.71580 15.68370
3.31740 32.59850 42.89060 10.94050 24.12590 30.20450
110.89170 59.69420 184.66670 411.29100 60.59150 163.22540
2.78020 26.67570 32.01550 9.44890 19.34440 22.43580
3.37010 27.44710 34.77660 10.11230 19.30940 23.67370
2.50590 26.79770 30.22050 8.32730 19.49500 20.79080
2.75860 24.22150 29.69800 9.16150 16.83580 18.76020
3.57560 37.64420 56.01420 12.66500 29.65970 40.58030
19.53470 53.59350 153.23120 53.20950 52.79420 128.75150
3.35690 33.30560 47.93440 12.11020 24.13230 34.33570
2.19640 22.73590 24.16840 7.41430 15.14720 15.68790
5.61580 24.04340 47.81980 15.23930 17.66860 34.21500
110.32440 58.52220 180.01420 427.86810 60.76910 158.13730
6.04740 41.07260 81.23950 18.61940 33.72410 62.78370
2.60490 25.43760 31.03270 9.47790 17.58670 20.18730
3.06620 29.21610 33.98420 9.37650 19.45970 23.60040
3.01650 28.93020 34.48500 9.33330 20.09390 24.57830
2.22050 21.07560 23.54560 7.60330 14.05050 14.72590
2.04290 19.93850 20.98500 6.71340 13.36950 13.29660
14.04270 53.79620 146.22890 41.63130 50.90590 120.67780
4.75560 42.59950 81.86840 17.81780 35.61260 61.02900
3.07170 24.29200 36.81340 9.83350 17.69140 23.47880
2.97620 24.83080 29.91840 9.54490 16.76640 20.00020
9.20420 47.37020 114.72810 28.42140 42.22020 91.78040
18.19800 51.48940 144.91140 46.00960 49.85020 120.32050
10.44530 47.60080 116.95680 31.03270 42.95700 94.58120
20.94710 53.26440 152.69260 55.83610 52.41900 127.82430
12.33690 45.49570 175.56660 60.50670 51.19640 157.66280
5.36980 37.85590 60.74690 17.08760 30.50490 43.91920
2.08190 22.68240 24.84070 8.15030 14.80040 15.80070
4.63850 27.09460 60.62660 14.23800 20.06280 43.17580
2.42340 23.48080 23.77180 7.14530 15.52560 15.09340
120.43940 54.48640 169.78850 407.47100 56.93960 148.07480
3.07910 25.20220 32.84080 9.77710 17.65040 20.61430
124.66670 56.43970 171.97040 448.34480 57.22240 151.44860
2.49010 21.61940 24.31890 8.13960 14.25810 15.28000
10.30700 47.23260 118.27150 30.95030 42.48120 95.74860
10.02480 41.17290 168.18400 41.66690 44.88030 157.00260
2.94880 25.36340 32.84080 9.76820 17.98140 21.66760
2.54300 23.21730 26.11630 8.08650 16.64980 17.42650
3.67380 27.41750 35.33020 11.14860 20.18780 23.75950
35.72810 51.76740 167.44440 143.53400 56.55910 145.98030
2.89410 34.10080 45.67220 10.34370 25.18220 33.77360
2.47600 21.56890 24.11220 8.07590 14.22080 15.11360
3.88040 35.84020 56.64390 14.09230 27.25550 41.46550
4.73460 30.47120 70.68820 15.60480 23.80400 54.59480
2.37110 23.83540 26.83290 8.04140 16.31730 17.45850
3.01650 21.10850 19.90730 8.82350 14.22450 12.22660
9.60920 50.09860 116.39290 26.51330 45.06510 96.93970
16.31030 53.39200 150.30920 46.30930 50.80390 124.85620
2.40940 23.94230 26.55470 7.78950 16.42320 17.65580
