7.45750 43.50790 69.59280 22.92160 29.57840 44.14940
13.90610 55.57590 133.14100 40.24900 49.78430 102.09020
4.23480 29.83950 39.18790 13.18370 19.11090 25.90670
4.02060 22.15540 24.03750 18.55180 14.20220 16.04530
2.00730 20.08350 18.17910 7.84680 11.21470 10.86110
15.34120 40.41710 82.02680 30.86820 33.83950 59.28720
28.75920 54.46750 206.55230 482.43790 63.50740 175.91060
26.33450 50.44950 104.57760 59.15180 38.79970 66.36490
10.01580 45.88830 87.12000 29.51840 36.54550 61.17070
7.22520 19.43460 17.12790 28.70630 9.94470 13.74800
2.67970 22.92710 24.04370 10.18800 16.12430 16.21160
2.92330 25.31630 28.03670 12.19570 18.98790 20.00020
3.90000 24.46580 27.86840 14.35010 16.52120 18.48440
2.52360 19.90760 23.97550 16.80290 14.62010 21.03380
4.07230 24.99580 29.12440 15.21080 17.05910 19.83540
10.48240 41.16030 66.64050 26.10270 29.00130 44.39410
8.84580 39.44290 118.79270 156.53400 47.95740 125.87510
4.23880 26.24360 28.13970 13.86830 15.88800 17.18640
23.47270 49.13190 98.23980 54.47450 37.47820 61.21130
250.58190 80.17030 237.31560 601.40040 80.79600 182.92790
1.48160 16.60680 14.28050 8.53090 10.05150 8.66000
4.88430 26.89140 29.87100 17.46300 16.19120 20.59310
10.02180 41.83270 86.15100 27.44180 34.69120 62.95270
2.50770 20.60520 20.81770 9.66200 13.74060 13.15830
3.57180 29.44900 34.84280 12.38890 20.83090 22.49950
6.35520 17.85200 13.87210 23.34570 8.38300 9.77410
7.43720 35.57140 62.63640 15.90150 29.08860 47.36530
9.30740 40.60110 82.37710 25.58580 33.15510 59.63750
3.94340 27.67030 39.61910 18.66300 21.28470 30.35680
12.73920 53.39200 120.67780 36.71210 45.22230 87.36500
2.02250 18.37550 21.01210 6.57380 12.52520 13.50970
144.58520 69.10580 211.72170 626.28900 74.17050 178.70630
3.86660 26.31390 29.27050 16.47460 18.09780 20.31820
9.75340 40.46610 75.81990 19.64120 33.40960 57.30230
4.54520 32.49770 43.48880 14.89280 22.59950 26.71430
2.57130 16.90990 17.61430 8.02550 10.87900 11.87640
12.28860 34.08140 147.82070 157.37930 35.87140 122.79830
8.28420 45.84440 85.40160 23.93830 36.85650 59.97120
3.67000 27.59570 31.67540 14.40440 18.49920 22.23980
4.55970 25.37690 47.81980 15.79650 18.60460 37.80360
10.81050 27.38800 34.83330 46.25460 16.78800 23.59430
8.86250 41.34910 78.47140 25.41380 32.83820 55.35930
6.08900 34.28640 54.18410 13.35880 27.02910 39.34200
4.43000 25.65510 33.53750 23.17150 18.97810 27.62170
13.43230 49.09960 213.01030 218.14080 48.05110 167.02440
1.97360 15.01780 13.98560 6.04050 9.29410 8.99150
5.35660 21.64190 34.33570 38.19420 16.55110 36.64140
3.70870 23.05960 25.19070 12.44790 15.01780 16.43990
4.72830 35.38690 49.66880 15.23110 24.47220 33.08000
8.83740 45.16500 88.35600 24.93090 35.67450 59.48150
16.42690 43.72570 76.55490 40.24900 30.79330 46.75000
3.60060 23.86670 26.91690 16.71480 16.23730 18.22650
4.21060 24.96270 28.28760 15.13380 16.92300 19.44390
13.40280 50.01560 116.11260 37.34560 43.19760 84.06530
10.36220 41.13520 78.94730 20.61970 34.19830 60.12910
9.68560 41.16030 82.44100 26.74910 33.35280 60.46670
7.09310 39.36020 62.76260 22.69790 27.35850 42.30320
4.84830 29.17620 38.94730 12.47580 21.40680 26.97310
7.75570 43.03700 81.20820 23.22550 35.26460 57.22860
3.46680 21.82870 46.80550 12.56310 16.97560 40.39710
12.76040 39.20730 77.01280 36.06230 30.21980 51.28610
3.28550 23.85420 24.11220 12.30240 15.22220 15.34940
118.04110 52.63290 158.71010 469.35450 58.45930 137.19700
4.56180 32.53430 42.87820 14.85290 22.54640 27.97070
4.30360 22.68240 21.92630 15.29630 12.79470 13.16190
226.18050 61.85120 183.54550 957.88510 61.66880 143.29330
4.04050 22.29460 24.39460 18.93640 14.40420 16.45720
9.01970 46.24130 93.12490 26.97310 38.97370 66.47950
2.63520 19.94890 23.07010 8.22510 13.13840 14.99280
8.32730 38.48920 68.42690 17.15940 31.30200 50.98800
3.48960 22.49930 28.36930 13.80800 13.77680 20.38660
1.97860 17.49620 16.78970 10.89920 11.19020 11.39540
2.54830 23.55500 21.09910 11.43790 13.96970 12.51420
3.45730 24.00540 28.04400 12.03190 15.91270 18.75050
139.00090 58.41740 177.18220 496.23710 57.98040 153.14120
3.00920 25.09550 27.13540 10.34370 17.00190 17.32650
10.16680 45.30840 85.06440 31.21470 34.72110 58.38660
3.41360 16.83580 14.67460 11.13570 7.15100 7.78170
10.56300 39.18380 153.68260 148.92730 43.45370 132.85920
4.83980 27.61060 36.83370 22.38950 20.79310 30.06900
4.12030 32.89380 41.75020 14.08470 22.34710 25.52610
8.37050 41.26080 71.68130 25.49970 30.32010 48.32380
6.78120 42.03870 70.81440 20.55050 31.67950 46.54270
4.85460 22.60540 22.78000 18.35500 12.34260 14.06560
6.37880 16.22890 17.39010 30.58290 8.37050 13.29290
6.30350 29.29620 83.31190 23.85800 22.87310 67.80770
2.34670 17.01950 19.70740 8.00180 11.43350 12.94930
8.94090 47.27840 91.59090 25.81270 38.77660 64.74640
15.81330 40.60110 83.31190 31.57420 34.05220 60.52660
3.46490 20.49340 19.30830 13.49130 12.03230 11.59610
6.70370 22.24810 21.04470 21.94330 11.96780 11.31380
5.23640 37.12740 54.47450 15.96900 27.08730 35.79660
8.70970 33.62840 39.08920 25.39400 16.89240 23.20150
2.89600 12.23080 8.55280 10.23980 4.68660 4.25100
1.82120 15.21430 13.41390 6.22610 9.23280 8.46550
2.11090 18.11180 18.35980 12.02850 11.93240 13.09310
10.81690 36.43900 66.00000 23.64930 29.08860 45.90120
9.25570 29.41670 64.68020 69.12770 26.37730 62.36420
8.72350 39.94390 72.14690 18.32160 32.77340 54.26930
5.54670 29.60280 45.59170 32.54250 24.82430 46.86110
6.57620 42.16820 72.61710 19.93830 31.81250 50.66140
4.77660 33.23030 39.79780 15.28000 18.79770 24.01270
116.28060 59.19980 181.70370 430.25460 58.54320 156.06790
3.71450 30.90450 39.89870 12.82080 22.55230 25.34140
6.90810 18.70090 15.65040 26.50640 9.21690 11.87310
148.84170 57.36470 174.20250 535.18950 57.14140 151.27240
4.15230 27.44710 29.90260 15.04510 18.90960 22.40100
397.95070 64.88770 197.15170 1535.07760 67.19080 171.97040
9.94080 41.79430 78.41220 20.59840 34.14950 59.36480
2.71010 23.77270 27.76650 7.52890 16.97120 19.10410
9.23280 41.81990 69.37190 25.82610 30.76770 46.36410
9.33900 42.06460 86.63330 27.32740 35.62290 62.36420
370.85710 55.28610 167.33930 1851.62640 56.08390 146.81190
8.95500 24.96270 27.90490 34.51310 14.35530 16.86480
117.75410 52.72240 159.28650 475.08450 58.56420 137.12270
7.24280 35.18340 61.86620 15.53030 28.71800 46.48760
7.87820 44.90870 74.08340 24.18720 30.93020 47.52090
8.23320 33.21150 96.52620 80.83470 31.70600 90.87650
2.98350 20.17210 28.82720 9.63850 14.32160 20.93630
2.94880 24.58240 28.61600 11.90340 17.28520 18.60970
7.83380 40.52740 68.88490 24.06240 29.09660 47.25260
3.23870 22.57590 29.52610 14.59580 14.94760 21.38420
6.08660 40.23420 66.61750 18.16020 30.54710 44.30370
4.17640 21.05380 20.29720 14.37330 10.92390 12.05230
35.99320 47.38550 150.39640 132.36850 45.29400 129.89310
19.67690 50.70230 107.55930 44.23930 41.33650 77.01280
3.74360 23.16870 21.88110 14.07320 12.06790 13.79300
4.08430 20.81470 18.72610 13.45800 10.99910 11.50690
19.52970 50.83790 106.87380 43.95740 41.48830 76.52640
4.46490 25.98550 29.36320 13.98190 16.02020 18.01410
116.28060 59.17840 181.70370 430.25460 58.54320 156.16090
1.46220 15.55790 15.16620 4.98850 10.20460 9.65910
5.74610 38.70730 62.86810 17.88300 30.47960 42.53440
6.66030 21.97130 20.14560 21.72360 11.47700 10.79160
4.62190 30.05370 42.51000 10.97230 22.84320 30.26850
105.66750 52.61500 160.54820 414.61970 55.51780 138.24440
3.01470 21.78890 20.17690 11.59270 12.84920 12.32310
1.80290 17.06790 18.02350 6.12600 11.43350 11.61590
3.64870 31.06790 39.05640 13.93630 22.47000 25.31510
8.75400 46.58330 80.34090 26.49950 32.80120 51.80950
2.52180 19.65180 19.34840 7.11790 12.76070 13.03900
4.92670 25.70300 34.28920 26.17060 17.80600 27.20630
9.94980 45.75690 95.14190 27.97070 37.67750 67.38400
3.65650 28.12330 30.91740 11.66900 18.41350 20.22390
14.10760 50.09860 119.14240 37.57370 43.52150 88.60660
4.49160 25.61420 34.04870 23.53340 19.04690 28.30980
6.44040 40.35600 63.72150 20.93090 29.97110 42.00150
2.39550 19.61630 25.22990 8.27880 13.96610 17.46760
3.53350 23.56730 25.04750 12.96000 15.70790 16.20300
10.53510 40.73680 77.64930 21.07190 33.79130 58.69100
11.13900 44.54200 93.94700 30.73740 37.21470 67.99740
5.22550 19.59090 52.86280 24.26870 18.12120 65.66070
5.50220 15.06080 9.97670 16.66210 6.42010 6.43560
13.77800 50.21520 119.37650 35.93410 44.65440 90.57840
9.07340 48.53950 95.42420 26.11630 39.96800 67.68960
1.43480 17.14300 15.10150 4.95010 11.36530 9.86020
5.77330 17.09430 12.27140 21.17000 7.61040 8.15560
5.43140 37.62200 55.37690 17.06970 26.81210 35.30130
6.54030 21.92560 20.55050 21.09910 11.81720 10.96280
8.67930 36.94290 59.05540 25.04750 27.08000 38.00350
3.38900 24.64750 26.06880 13.32580 14.24320 15.67120
3.00730 12.35250 8.55010 10.64720 4.73650 4.27730
1.54480 15.81000 15.79650 5.14750 10.46070 10.06390
1.84780 16.47850 17.20440 5.92340 10.55970 11.06190
9.20710 39.39560 61.86620 24.36300 28.67890 41.38290
4.45670 29.37650 33.71900 15.23110 17.03260 21.09360
3.40230 23.18080 24.37560 11.20350 14.80810 14.92470
3.05690 21.45690 18.97570 12.06930 12.18500 11.11000
3.25740 28.33010 34.61630 10.98830 17.82430 21.43400
149.87500 57.50740 174.76860 544.44520 57.52790 151.27240
3.23500 25.94390 33.33020 8.55830 19.25960 23.42430
5.31500 39.95600 63.72150 17.58670 30.91300 42.19430
7.40920 33.08950 68.95760 53.47590 30.14500 74.43670
1.52860 16.92300 14.71010 9.01130 10.37670 9.11880
2.99630 24.60190 26.89590 10.27640 17.05910 16.93580
4.20460 30.25320 37.06810 13.70680 20.54120 23.73500
4.80190 32.88460 43.66530 13.87590 22.79540 29.79220
138.92500 58.33380 177.06600 495.45070 57.98040 152.51380
4.16030 25.20220 29.51840 15.98170 17.50520 20.60370
3.03850 23.16260 24.55290 10.50100 16.24150 17.08310
127.16890 51.24800 151.53690 334.69460 49.60360 129.89310
4.06440 29.12840 35.56250 13.42490 19.80490 22.56930
4.02060 20.99920 20.38130 13.89470 12.84580 12.23350
6.76670 40.65040 68.04490 20.25530 30.68260 45.91480
10.78530 42.65220 90.20800 29.04030 35.71580 66.77900
2.77660 20.75540 30.55860 9.83640 15.24200 22.78590
10.04890 48.74640 103.32160 29.14740 39.89580 72.06900
6.73510 21.66450 20.75330 21.34010 11.59580 11.28450
2.10060 15.20240 13.32580 7.05340 9.32350 8.21170
7.82590 18.05580 14.28050 27.67230 9.18240 11.32030
7.31570 28.83570 55.78280 55.76510 25.00910 54.66370
7.24280 17.50520 12.88850 24.74430 8.56640 9.55950
156.72120 57.44620 174.99600 698.93020 56.95970 147.39890
13.64710 41.42490 90.46700 25.22340 35.85060 71.50150
3.60060 24.51750 26.21830 13.60610 16.43590 17.01160
4.74510 33.83950 46.30930 15.48490 23.46850 28.81210
17.91570 50.41590 86.59870 47.93440 30.50490 51.87350
9.93180 36.09070 63.10110 29.32450 26.27170 40.90350
5.44910 16.67130 11.58280 19.87650 7.19410 7.54430
3.83920 22.11500 22.15380 15.52200 13.74060 13.35140
7.13040 37.32420 61.51700 15.96480 29.20010 45.23190
4.12430 26.44800 35.40740 16.16450 18.29030 26.08230
7.38900 40.84830 71.19490 22.05120 31.23240 47.37950
7.52380 40.83590 71.93940 20.78540 32.07180 50.69240
6.14000 24.08140 27.90490 16.42690 12.15890 15.57990
5.23640 31.59120 49.10090 12.04890 24.85060 35.90460
4.27730 30.44590 34.73880 14.12290 16.38080 20.61970
3.95520 26.20850 26.92400 13.41020 15.49740 16.62270
10.97870 30.81040 137.49490 233.81400 33.53310 118.15620
13.00670 40.89800 87.75220 24.30640 35.16310 68.98190
10.59420 27.07270 34.20570 44.90210 16.53830 22.82120
5.11080 27.21880 31.01620 19.18850 16.51690 21.93200
195.47450 48.17650 143.05320 468.64750 46.56840 121.51850
7.26790 19.52520 17.40370 29.16280 10.08820 14.16120
1.57740 16.28780 17.08310 5.64490 10.80740 10.74440
11.32360 42.41580 90.91390 29.84730 35.53030 68.28330
2.53060 19.83050 22.36060 8.03610 12.96560 14.45890
5.58010 32.81040 42.65680 16.93140 21.48490 27.13540
13.16550 48.57120 110.63320 36.01290 41.74300 81.90010
10.18800 40.67510 76.95530 20.71580 33.94560 58.67190
6.28000 38.78810 62.13520 19.75340 28.53100 40.29450
15.62550 54.42990 132.15910 41.40650 49.11570 104.01630
7.00150 25.99940 26.41000 20.92010 13.84570 14.60370
5.84580 35.02170 58.97840 37.96130 32.08980 60.18850
3.75530 25.55290 28.11020 15.13790 17.29860 18.78460
4.47310 31.83030 41.43010 14.19960 21.76060 26.32080
12.60520 34.47320 118.32920 114.67330 32.59850 101.14920
20.79080 42.18120 83.70370 42.03760 29.49740 50.24580
2.60670 20.26640 28.09550 9.13870 14.66600 20.29720
16.08350 44.51400 67.73680 41.21840 26.89140 39.95490
8.90730 46.95930 92.50640 26.47880 37.43410 63.16480
3.33060 16.02440 14.10760 10.66280 6.67720 7.61610
4.44640 31.91060 39.97750 13.34780 21.74930 26.87490
12.08980 49.53810 111.93560 34.10400 43.27830 83.60550
7.06830 36.40720 60.74690 15.08940 29.03300 44.61460
4.01860 25.12210 43.90650 23.10580 18.20560 38.67620
6.94980 42.53370 71.09310 19.02010 31.76810 48.90870
9.50410 48.36540 99.09380 26.64480 40.41710 70.41190
11.09390 45.68410 91.66670 32.49030 35.74690 65.79610
7.13040 24.27910 23.40010 22.12530 13.01030 12.47580
6.07280 16.96680 12.91710 21.63400 7.63160 8.90730
2.15010 18.54220 21.90930 7.23020 12.84580 14.59580
4.53080 29.40060 48.71750 24.64840 24.02440 41.80990
11.93710 39.91990 83.76920 22.75650 34.03280 65.41350
3.62950 21.67580 19.57020 14.78530 12.05490 12.01840
4.29750 24.89670 52.82990 43.72860 24.92970 63.35670
4.24890 30.75070 39.01270 12.59120 20.94470 25.93370
11.36270 35.52000 48.28030 28.76670 22.06890 28.20610
8.19300 41.75580 78.35310 22.30300 33.72410 56.06780
6.06820 35.57140 52.60070 19.62600 24.33690 34.06710
